56 761
1 2
1 6
1 7
1 11
1 14
1 15
1 17
1 18
1 19
1 21
1 22
1 23
1 26
1 27
1 28
1 30
1 31
1 32
1 34
1 35
1 39
1 41
1 45
1 46
1 48
1 49
1 52
1 53
1 55
1 56
2 7
2 10
2 11
2 12
2 14
2 20
2 22
2 27
2 28
2 30
2 31
2 33
2 34
2 35
2 36
2 37
2 39
2 40
2 44
2 45
2 46
2 47
2 49
2 54
2 56
3 4
3 6
3 8
3 10
3 11
3 12
3 15
3 20
3 21
3 25
3 27
3 30
3 33
3 34
3 35
3 36
3 38
3 44
3 46
3 47
3 48
3 51
3 52
3 53
3 54
3 55
4 6
4 8
4 9
4 10
4 11
4 12
4 13
4 14
4 15
4 16
4 17
4 21
4 24
4 26
4 28
4 29
4 30
4 34
4 47
4 48
4 49
4 50
4 51
4 52
4 53
4 54
5 6
5 7
5 9
5 12
5 13
5 14
5 17
5 18
5 19
5 21
5 22
5 25
5 27
5 32
5 33
5 34
5 35
5 37
5 39
5 40
5 41
5 42
5 43
5 45
5 46
5 48
5 49
5 50
5 52
5 53
6 7
6 9
6 12
6 13
6 14
6 18
6 19
6 24
6 25
6 26
6 28
6 30
6 33
6 36
6 39
6 41
6 42
6 43
6 45
6 46
6 48
6 49
6 52
6 53
6 54
6 55
7 8
7 9
7 10
7 12
7 13
7 14
7 15
7 19
7 20
7 22
7 23
7 24
7 29
7 30
7 35
7 37
7 38
7 41
7 42
7 43
7 44
7 47
7 48
7 54
7 55
7 56
8 9
8 10
8 11
8 12
8 17
8 19
8 22
8 25
8 28
8 29
8 36
8 38
8 40
8 41
8 45
8 46
8 47
8 48
8 49
8 55
8 56
9 13
9 14
9 15
9 18
9 19
9 20
9 21
9 23
9 27
9 29
9 30
9 31
9 34
9 37
9 38
9 42
9 44
9 45
9 47
9 50
9 52
9 53
9 54
9 55
9 56
10 11
10 13
10 17
10 19
10 21
10 22
10 25
10 27
10 28
10 32
10 33
10 35
10 36
10 37
10 42
10 43
10 45
10 46
10 50
10 51
10 52
10 54
11 12
11 15
11 16
11 17
11 19
11 20
11 22
11 23
11 24
11 25
11 29
11 30
11 32
11 34
11 39
11 40
11 42
11 45
11 47
11 48
11 51
12 15
12 19
12 20
12 22
12 24
12 29
12 32
12 33
12 34
12 35
12 36
12 38
12 40
12 42
12 44
12 45
12 46
12 50
12 51
12 52
12 54
13 15
13 16
13 18
13 19
13 20
13 22
13 24
13 26
13 28
13 33
13 36
13 37
13 38
13 39
13 40
13 42
13 43
13 44
13 45
13 46
13 49
13 50
13 53
13 54
14 18
14 20
14 23
14 27
14 28
14 31
14 32
14 34
14 38
14 39
14 41
14 47
14 50
14 51
14 56
15 17
15 19
15 21
15 25
15 26
15 30
15 32
15 35
15 37
15 39
15 45
15 47
15 49
15 51
15 56
16 17
16 18
16 19
16 20
16 21
16 22
16 23
16 24
16 25
16 26
16 27
16 28
16 31
16 33
16 35
16 36
16 39
16 40
16 41
16 42
16 43
16 47
16 49
16 52
16 54
17 23
17 25
17 26
17 28
17 29
17 31
17 32
17 35
17 37
17 40
17 41
17 45
17 46
17 47
17 48
17 49
17 50
17 52
17 53
17 54
17 55
17 56
18 21
18 26
18 27
18 28
18 30
18 31
18 32
18 38
18 39
18 41
18 44
18 45
18 46
18 48
18 51
18 53
18 54
19 23
19 26
19 29
19 35
19 36
19 37
19 40
19 41
19 42
19 45
19 46
19 51
19 52
19 53
19 54
19 55
19 56
20 21
20 23
20 25
20 26
20 27
20 30
20 31
20 33
20 34
20 35
20 36
20 37
20 38
20 42
20 43
20 45
20 48
20 52
20 53
20 55
21 24
21 25
21 31
21 34
21 35
21 42
21 49
21 53
21 54
21 55
22 25
22 26
22 27
22 28
22 29
22 30
22 33
22 36
22 38
22 39
22 40
22 41
22 43
22 45
22 48
22 50
22 51
22 53
22 55
23 24
23 27
23 28
23 31
23 32
23 33
23 35
23 36
23 37
23 38
23 39
23 41
23 46
23 51
23 52
23 53
23 54
23 55
24 25
24 27
24 28
24 30
24 37
24 38
24 39
24 40
24 43
24 47
24 50
24 51
24 53
24 56
25 26
25 30
25 34
25 35
25 39
25 40
25 42
25 43
25 46
25 50
25 52
25 56
26 28
26 29
26 30
26 31
26 32
26 35
26 37
26 38
26 39
26 41
26 43
26 50
26 52
26 54
27 28
27 29
27 31
27 32
27 33
27 35
27 41
27 42
27 44
27 46
27 48
27 49
27 50
27 53
27 54
27 56
28 29
28 30
28 31
28 34
28 35
28 36
28 38
28 40
28 41
28 43
28 44
28 46
28 48
28 50
28 52
28 55
29 33
29 34
29 37
29 38
29 39
29 41
29 43
29 44
29 47
29 51
29 54
30 34
30 35
30 36
30 37
30 40
30 43
30 44
30 45
30 47
30 50
30 51
30 53
30 54
30 55
31 32
31 33
31 34
31 39
31 42
31 44
31 45
31 47
31 48
31 49
31 52
31 53
31 55
31 56
32 33
32 34
32 36
32 38
32 39
32 41
32 42
32 44
32 45
32 47
32 48
32 50
32 51
32 52
32 54
32 56
33 35
33 38
33 40
33 42
33 45
33 46
33 53
33 55
34 37
34 39
34 40
34 42
34 44
34 47
34 49
34 50
34 51
34 56
35 36
35 40
35 44
35 46
35 47
35 50
35 52
35 53
35 54
35 56
36 38
36 41
36 42
36 45
36 48
36 49
36 52
36 53
36 55
36 56
37 38
37 39
37 41
37 43
37 45
37 47
37 50
37 51
38 40
38 41
38 42
38 43
38 44
38 45
38 46
38 48
38 51
38 52
38 53
38 54
38 55
38 56
39 40
39 43
39 46
39 48
39 54
39 56
40 44
40 45
40 47
40 48
40 49
40 50
40 51
40 56
41 45
41 46
41 47
41 48
41 50
41 52
41 53
41 54
41 55
41 56
42 47
42 50
42 51
42 53
42 54
42 55
43 50
43 52
43 55
44 45
44 48
44 49
44 52
44 55
45 46
45 48
45 50
45 53
45 54
45 55
46 48
46 53
46 54
46 55
47 48
47 51
47 52
47 53
47 54
47 55
47 56
48 50
48 51
48 53
48 56
49 51
49 52
49 56
50 51
50 53
51 53
51 54
52 55
52 56
53 54
53 55
54 55
54 56
55 56
